20
65 65 50 -18 10 73 -88 46 -44 -22 60 37 38 82 61 100 -98 -85 46 -13
42 40 -82 33 35 -26 -35 0 -12 46 -3 60 -97 42 -78 -39 62 -20 -64 61
77 -13 -3 90 31 -91 -84 -59 -91 -3 11 86 82 -1 33 -70 22 -55 -60 -58
-58 -21 -89 0 19 96 -33 -51 48 56 19 -18 -5 95 -14 72 18 16 -88 79
11 89 -100 92 -87 34 -71 63 -92 89 -97 -23 -97 -70 -46 -71 81 95 4 18
-45 -100 12 -40 -71 80 -38 72 13 -15 43 86 -71 7 40 -17 -57 -17 50 32
82 -36 -85 47 -80 61 -59 22 -8 19 -36 51 -17 -48 48 -58 -38 9 69 -46
-64 -95 85 -27 -44 -72 19 4 -11 -60 34 -27 -40 -16 84 -84 -42 -38 16 -32
12 -65 41 65 84 75 25 30 81 -57 68 16 84 -80 33 -43 -33 33 -33 27
10 -51 25 93 -4 24 -32 68 92 69 -24 4 43 16 70 -37 21 39 -38 -35
-59 0 79 5 78 32 -50 -80 12 -21 -60 -4 -88 -82 -47 -68 38 67 43 92
67 1 -78 73 -90 -48 41 6 -42 86 -63 -68 -17 -8 -14 93 73 91 -88 44
21 -11 -75 -62 -41 -93 -38 20 -1 -53 -44 -27 62 62 -47 48 -5 -49 -61 -72
63 -4 -26 -81 31 -24 -77 -98 24 76 -72 -75 -17 81 62 86 58 75 9 -77
-96 60 -36 -31 77 -42 68 9 -15 -14 33 16 -59 48 -67 100 -88 -68 -46 49
17 96 56 86 -3 85 67 88 88 73 -80 26 64 18 8 0 10 -50 63 33
98 63 70 -96 -86 79 -88 67 28 67 -98 -78 -3 -89 56 33 -68 57 -84 -63
-20 -80 -26 11 8 -86 -11 -57 -4 38 51 83 36 -99 -50 -75 78 71 -77 72
93 -18 5 -98 92 -11 -51 -7 33 15 -40 -90 2 -75 -84 52 2 -21 -30 55
74 -13 31 64 91 -77 -69 14 76 32 29 -48 -20 20 52 79 -94 -60 33 72
