20
-15594 -3752 -21865 -3931 17127 -22995 -3990 -31964 -24734 -10187 15296 12090 -1226 6470 -17426 3584 5776 -3798 1141 3081
-12777 -11219 33532 -5844 -4955 4586 21763 8858 21245 -11411 -16418 -20426 -6774 -19823 -616 -16292 3486 4500 21073 6847
27178 -14970 35812 15977 12831 524 -7733 17473 21708 2122 14343 8696 25046 -11767 30910 -10441 -20892 -20360 14995 -2719
1820 -4438 29603 8438 13821 13455 12074 1882 32702 -6771 3750 -1769 1145 17817 32967 -7839 -12808 -13292 42548 -9990
13174 1067 -4455 12213 -3744 83 -8508 6369 -3645 -3828 -7747 1821 5340 -16922 -14112 4412 5413 7699 9662 17960
9313 -1259 -9797 12209 -41596 27914 4055 31738 1766 5014 -17013 -8480 11765 -4197 10898 -4847 -324 2881 -7336 -10381
-10760 -5901 16885 14703 -11061 -9910 23246 23806 13869 -17130 -3264 -23656 2227 -14630 5819 -18206 -2438 6083 -2436 -7367
-126 9192 31792 16337 -21410 31224 7704 37394 17281 2861 -8613 -1876 -3524 -30392 20293 -19534 -17166 8948 28177 3278
-2552 -16536 430 10195 28311 -29569 -5459 -22848 -702 -5811 21171 25053 -4319 11055 5376 -19590 4812 -13313 9121 -1598
21021 -3873 3713 19462 -11016 -12672 -18614 -8339 -751 26709 -37376 -7832 9862 -35157 -90 -34085 43751 40366 -16055 -9330
32663 23378 11922 -12988 -26104 3922 -22486 -8802 -31386 9698 -36747 -27934 -7265 -28983 7422 -585 12926 28374 8863 -20937
30825 -9011 -4907 6302 -5398 -21100 1234 -6043 -3907 -6413 -3170 -21822 6607 -20420 4380 988 -5411 2224 -3959 -7347
12957 -18051 -7765 1181 -27155 -1085 -18266 -3892 -13953 23828 -8439 3396 3406 -21703 9272 -24297 27004 26128 -16773 -8660
-10599 1832 -2159 20203 8917 10282 14829 643 24552 -3482 1372 -8400 27406 15634 -1660 5756 9149 5976 -16667 1029
-12646 -7086 -25496 32647 -6685 24720 5796 9226 -2463 1920 13869 31279 -1853 9125 -1980 1723 -2480 3183 -721 18599
9070 5548 -1730 10496 5904 -974 -12366 -5696 -11893 7988 -7625 8848 3066 -29128 -12150 -15380 1638 410 -9595 13318
-2562 5305 -5908 755 -11737 -689 6369 -7447 -17897 -8611 6170 17062 26222 21425 6119 21084 -4572 -9917 -622 -13965
24587 18228 -7063 -1983 -24299 -812 -728 595 -20355 15445 -27252 -18869 -6126 1236 6612 651 22349 17514 8644 -29684
-10718 12076 23883 -6792 6664 7784 20113 16559 20017 10331 -13755 -24416 -11653 -6457 -6618 25612 -15600 -2069 -7692 20589
7495 -8587 8840 948 -12791 1281 7796 20814 10202 -12601 7667 -22106 11104 12333 24459 27748 -28317 -14372 14633 -4607
Время выполнения: 256 microseconds
Объем задачи: 16000 operations
